bass_enable=false
bass_maxgain=5
compander_enable=false
compander_granularity=2
compander_response=95.0;200.0;400.0;800.0;1600.0;3400.0;7500.0;0;0;0;0;0;0;0
compander_time_freq_transforms=0
compander_timeconstant=0.22000
convolver_enable=false
convolver_file=
convolver_optimization_mode=0
convolver_waveform_edit=-80;-100;0;0;0;0
crossfeed_bs2b_fcut=700
crossfeed_bs2b_feed=60
crossfeed_enable=false
crossfeed_mode=0
ddc_enable=false
ddc_file=
graphiceq_enable=true
graphiceq_param=GraphicEQ: 20 -0.3; 21 -0.4; 22 -0.5; 23 -0.7; 24 -1; 26 -1.7; 27 -1.8; 29 -2.1; 30 -2.3; 32 -2.6; 34 -2.9; 36 -3.2; 38 -3.4; 40 -3.6; 43 -3.9; 45 -4.1; 48 -4.4; 50 -4.6; 53 -4.8; 56 -5; 59 -5.1; 63 -5.5; 66 -5.6; 70 -5.9; 74 -6.1; 78 -6.2; 83 -6.4; 87 -6.6; 92 -6.7; 97 -6.8; 103 -6.9; 109 -7; 115 -7.1; 121 -7.1; 128 -7.2; 136 -7.4; 143 -7.2; 151 -7.4; 160 -7.8; 169 -7.4; 178 -7.6; 188 -7.6; 199 -7.7; 210 -7.9; 222 -7.9; 235 -7.6; 248 -7.1; 262 -7; 277 -7.5; 292 -7.8; 309 -7.8; 326 -7.5; 345 -7.5; 364 -7.5; 385 -7.4; 406 -7.5; 429 -7.5; 453 -7.7; 479 -8.3; 506 -8.7; 534 -8.7; 565 -8.5; 596 -8.2; 630 -8.4; 665 -8.6; 703 -8.9; 743 -9; 784 -9; 829 -9; 875 -9.1; 924 -9.2; 977 -9.2; 1032 -9.2; 1090 -9; 1151 -9; 1216 -9.4; 1284 -9.3; 1357 -8.5; 1433 -8.8; 1514 -9.1; 1599 -9; 1689 -8.9; 1784 -8.8; 1885 -8.9; 1991 -8.4; 2103 -7.9; 2221 -7.4; 2347 -6.9; 2479 -6.5; 2618 -6.5; 2766 -6.5; 2921 -5.9; 3086 -4.9; 3260 -4.2; 3443 -3.9; 3637 -3.6; 3842 -2.4; 4058 -2.5; 4287 -4; 4528 -5.4; 4783 -6.9; 5052 -7.3; 5337 -5.8; 5637 -4; 5955 -2.4; 6290 -1; 6644 -0.2; 7018 -0.2; 7414 -0.8; 7831 -1.8; 8272 -2.5; 8738 -2.1; 9230 -1.5; 9749 -1.4; 10298 -1.3; 10878 -1.1; 11490 -1; 12137 -0.8; 12821 -0.5; 13543 -0.3; 14305 -0.2; 15110 -0.2; 15961 -0.2; 16860 -0.2; 17809 -0.2; 18812 -0.2; 19871 -0.2
liveprog_enable=false
liveprog_file=
master_enable=true
master_limrelease=60
master_limthreshold=0
master_postgain=6
reverb_bassboost=0.25000
reverb_decay=2.08000
reverb_delay=0.00000
reverb_enable=false
reverb_finaldry=-7.00000
reverb_finalwet=-9.00000
reverb_lfo_spin=0.70000
reverb_lfo_wander=0.30000
reverb_lpf_bass=600
reverb_lpf_damp=9000
reverb_lpf_input=18000
reverb_lpf_output=17000
reverb_osf=1
reverb_reflection_amount=0.30000
reverb_reflection_factor=1.00000
reverb_reflection_width=0.70000
reverb_wet=-8.00000
reverb_width=1.00000
stereowide_enable=false
stereowide_level=60
tone_enable=false
tone_eq=25.0;40.0;63.0;100.0;160.0;250.0;400.0;630.0;1000.0;1600.0;2500.0;4000.0;6300.0;10000.0;16000.0;0;0;0;0;0;0;0;0;0;0;0;0;0;0;0
tone_filtertype=0
tone_interpolation=0
tube_enable=false
tube_pregain=200
